0. 2.0 707.0 999.0 0.0 439.0 
1. 8.0 235.0 298.0 36.0 88.0 
2. 9.0 550.0 586.0 24.0 49.0 
3. 17.0 314.0 356.0 28.0 66.0 
4. 18.0 570.0 619.0 28.0 83.0 
5. 20.0 930.0 979.0 28.0 66.0 
6. 22.0 369.0 427.0 40.0 66.0 
7. 24.0 427.0 452.0 34.0 71.0 
8. 26.0 988.0 999.0 46.0 72.0 
9. 27.0 517.0 539.0 41.0 78.0 
10. 29.0 613.0 651.0 48.0 85.0 
11. 31.0 644.0 714.0 51.0 92.0 
12. 35.0 942.0 965.0 70.0 91.0 
13. 41.0 171.0 220.0 108.0 136.0 
14. 46.0 418.0 436.0 97.0 123.0 
15. 53.0 638.0 676.0 136.0 162.0 
16. 54.0 679.0 729.0 124.0 150.0 
17. 57.0 291.0 310.0 131.0 157.0 
18. 59.0 168.0 192.0 127.0 164.0 
19. 71.0 223.0 259.0 206.0 232.0 
20. 75.0 472.0 513.0 198.0 238.0 
21. 77.0 979.0 999.0 203.0 241.0 
22. 83.0 466.0 622.0 271.0 598.0 
23. 91.0 532.0 550.0 267.0 353.0 
24. 108.0 357.0 416.0 312.0 363.0 
25. 145.0 197.0 261.0 370.0 462.0 
26. 151.0 438.0 456.0 405.0 431.0 
27. 164.0 417.0 463.0 418.0 456.0 
28. 166.0 393.0 413.0 435.0 459.0 
29. 167.0 282.0 300.0 438.0 460.0 
30. 180.0 849.0 868.0 535.0 558.0 
31. 181.0 459.0 484.0 534.0 580.0 
32. 183.0 969.0 999.0 539.0 583.0 
