1.0. 1.0 0.0 39.0 0.0 26.0 39.0 26.0 
3.0. 3.0 0.0 86.0 0.0 77.0 86.0 77.0 
19.0. 19.0 69.0 85.0 33.0 61.0 16.0 28.0 
24.0. 24.0 100.0 108.0 40.0 48.0 8.0 8.0 
28.0. 28.0 120.0 134.0 49.0 64.0 14.0 15.0 
31.0. 31.0 93.0 107.0 66.0 78.0 14.0 12.0 
36.0. 36.0 260.0 268.0 80.0 88.0 8.0 8.0 
38.0. 38.0 333.0 341.0 94.0 105.0 8.0 11.0 
39.0. 39.0 208.0 219.0 104.0 124.0 11.0 20.0 
40.0. 40.0 118.0 130.0 120.0 141.0 12.0 21.0 
42.0. 42.0 0.0 35.0 122.0 172.0 35.0 50.0 
47.0. 47.0 100.0 108.0 137.0 146.0 8.0 9.0 
48.0. 48.0 233.0 244.0 141.0 150.0 11.0 9.0 
49.0. 49.0 138.0 146.0 147.0 161.0 8.0 14.0 
50.0. 50.0 323.0 332.0 149.0 158.0 9.0 9.0 
51.0. 51.0 108.0 119.0 150.0 160.0 11.0 10.0 
55.0. 55.0 191.0 202.0 170.0 182.0 11.0 12.0 
